      0.298353237    -0.050899168    0.0318876526     0.642491926 10000
      -1.54903319  -0.00784270996  -0.00573052295    -0.218226785 01000
  -0.000196886868    -0.784351985     0.298033414 -0.000263673509 00100
   0.000914393773      1.59361136     -1.88162001   0.00127549931 00010
      0.340766638   0.00190151629    0.0304004718     0.906336687 00001
     -0.571957799     0.081507717   -0.0757993376     -1.28564646 20000
       3.07763269    -0.435371548     0.423485679      8.91014028 11000
     -0.439866368   -0.0968136966    -0.108422544     -1.51744205 02000
    0.00407745061      4.09949752    -0.791985614   0.00963535132 10100
     -0.027944647     -2.98980289     0.629670718    -0.057480061 01100
    0.00400363952   -0.0560466314   0.00910157518    0.0112904661 00200
    -0.0493094783     -41.0417087       7.7312543   -0.0676084565 10010
      0.289119226      22.8293131     -4.14027283     0.455640421 01010
      0.179262671     0.313341297   -0.0274018292     0.367828054 00110
      -3.01372504       1.0659116    -0.462713135     -5.22475186 10001
       8.08166593      -3.3388356      1.47456785      19.4924284 01001
     -0.174208973      6.81132319     -1.33290057    -0.305670473 00101
      -1.14350194     0.453435116    -0.201702069     -1.81777922 00020
      0.390334333     -70.8929063      13.5476167     0.674946491 00011
      -2.00992888     -2.35740887   -0.0791061193      1.95375651 00002
       4.69312902     -1.90926676     0.818904494      9.36501737 30000
      -44.1421655      20.2742004     -8.27544509     -96.8611522 21000
        118.93349     -66.3568769      24.9903297      298.297597 12000
      -75.4336297        61.36233     -19.7630359     -204.161513 03000
    -0.0489834016     -22.9071737      4.46759087    -0.164623985 20100
      0.123957864       137.69639     -26.4036611      0.85906155 11100
      0.466885001     -161.691677      30.4044629    -0.486672073 02100
      0.825703638   -0.0297353405      0.11796075      2.30184115 10200
      -3.80564456      0.17980895    -0.456231725     -11.0790407 01200
      0.080281212     -3.14509019     0.600818947     0.154731822 00300
      0.910034154      234.875009     -45.5701547      1.85524538 20010
      -2.50873333     -1397.96686      267.054251     -6.34854826 11010
       -1.5861175      1678.43014     -318.711552      1.16381564 02010
      -19.2715466       11.164929     -4.46790787     -50.9539288 10110
       87.0877757     -51.6260508      18.9733705      241.370054 01110
     -0.307864529      88.3172898     -16.7601583    -0.517770485 00210
       28.2759859     -21.0639139      6.56175517      47.1565036 20001
      -164.473941      124.213806     -38.9700802     -298.797348 11001
       221.772426     -203.549782      60.2281138       468.69239 02001
      0.175271667     -55.8071313      10.9444639     0.507138249 10101
       3.09607044      179.271029      -34.339603      6.52485444 01101
       0.85857887     -5.06388872      1.00877508      2.21765532 00201
        106.81809     -62.1311817      23.8871538      276.707897 10020
      -463.531326      264.980185     -98.0289296     -1263.98423 01020
      -1.53786784     -924.020631      175.666914     -2.77985279 00120
      -14.8718709      628.112294     -123.886409     -26.3600722 10011
       11.8321538     -1974.29591      380.812036      16.4684604 01011
      -30.9160747      65.6993528     -15.2420407     -65.0142909 00111
      -140.627443     -139.432997       6.1803602     -281.978237 10002
       634.067354      -713.37136      229.946567       1249.3836 01002
       64.9178585     -432.394503      84.7900009      148.130593 00102
       4.66749748      3303.16642     -630.583179      10.1032813 00030
       166.486269     -455.502594      102.551555      355.775972 00021
      -521.097236      834.607508     -184.439259      -1059.0955 00012
      -6.59539703      15.9130581     -3.64043651     -13.2408039 00003
      -39.3563925      20.4363712     -7.55180006     -71.1211913 40000
       472.805497     -255.336692      93.3535917      894.697648 31000
       -1951.9439      1105.85093     -398.646847     -3904.90286 22000
       3152.00568     -1833.27018      656.792916       6673.5816 13000
      -1582.24574      715.093073     -287.276664     -3244.75881 04000
       1.92499843      72.9306661     -14.3888227       3.0010381 30100
      -18.2389743     -583.813784      113.855464     -28.7438274 21100
       61.6506004      904.316191     -171.483852      95.9824507 12100
      -80.7801184       780.47101     -156.678322     -119.282712 03100
      -6.49018816      9.81314225     -2.67794929     -14.2746006 20200
       42.1486753     -52.7762134       14.984352      102.482717 11200
      -57.8537767      86.8814219     -23.5243969     -172.011623 02200
     -0.453313861      8.35090058     -1.67355447    -0.911839301 10300
      0.500350353     -27.8282255      5.36367897     0.675479997 01300
    0.00645373014      1.07578915    -0.233665142    0.0186743518 00400
      -7.95591367     -1003.60419       196.86657     -14.6583098 30010
       56.8762218      8691.81516     -1689.46339      104.439462 21010
      -102.333133     -18964.3752       3639.4624     -150.824492 12010
       36.6209848      3390.19597     -629.641066     -97.9809733 03010
       131.487076     -114.254636      37.3319567      274.587357 20110
      -846.476424      646.056991     -218.974458     -1954.78753 11110
       1040.79794     -969.070781      309.541918      3022.53103 02110
        4.8006957     -326.866432      64.1665495      10.3078135 10210
       -10.555471      1111.97328     -213.309217     -16.6741969 01210
       2.03930696     -59.0525523      12.5791972      2.92079119 00310
       -66.660278      117.145515     -28.4988456     -94.4183768 30001
       462.042829     -824.365774      200.996496       694.12491 21001
      -308.626558      963.206913     -221.357602     -570.014523 12001
      -1328.86038      1032.45082     -314.284903      -2108.4819 03001
       7.74717004      127.216402     -24.3777742      8.30834623 20101
      -58.0562485     -561.136598      102.758871     -79.8169369 11101
       60.7026353     -196.672272      49.9874042      82.1974895 02101
       12.5349963     -12.8600999      2.79260693      24.9850453 10201
      -1.48350963      158.363018      -28.512234     -5.80147351 01201
          10.4896     -49.5424323      10.0980006      19.2713018 00301
      -727.419953      387.779956      -154.28528     -1484.05325 20020
       4860.35879     -2570.94365      1008.59887      10819.0121 11020
      -6162.32166      2252.45789     -1110.72975     -16764.5216 02020
      0.447279951      3768.78801     -731.356185     -8.43962095 10120
       30.3189673     -13189.3715      2509.23088      40.6174788 01120
        10.557233      579.742335     -121.615784      28.1889041 00220
        57.315314     -1552.55287      309.963652      100.378718 20011
       81.8399459       6444.0365     -1267.75848      204.267492 11011
      -165.758363      3556.65555     -702.313684     -309.976489 02011
      -107.312163      168.710025     -27.3375617     -201.584049 10111
      -218.918416       -502.1701      41.0746458     -449.611217 01111
      -219.235234      474.391213      -102.56458     -423.251616 00211
      -74.7437537      1216.83196      -219.66353     -202.966634 20002
      -40.6402941     -138.068818      41.1089017     -98.0761848 11002
      -21.9245743     -106.700345      25.7819788     -51.1698166 02002
      -115.124783      735.377254     -136.496072     -271.272475 10102
      -84.9741124      260.020245     -58.3625355     -169.377881 01102
      -102.856977     -1011.75771       172.19957     -274.436002 00202
       -65.680317     -14476.5043      2790.27214     -109.190961 10030
       182.214241      49801.3784     -9384.49988      360.730444 01030
      -471.819817     -2007.53029      395.105022     -929.994164 00130
       650.947329     -2625.27363      505.228405      1323.04015 10021
       104.665621     -573.231809      101.515317      182.026312 01021
       957.893846     -1010.56014      234.638947      1972.32933 00121
       7.90095608      93.3948719     -15.5023627      14.2406441 10012
      -2.71947258      24.7738184     -4.98435243     -5.52064153 01012
       13.9700692     -74.4762634      12.6142516      24.5958854 00112
      -1.39209887      -1.2626148    0.0840549625     -2.61871012 10003
     -0.459448651    -0.137625993   -0.0193796035    -0.870369972 01003
     -0.528601536     -1.17393912     0.174591017    -0.907314284 00103
       2224.64986      516.271624      29.5037962      4218.74471 00040
       298.883937     -385.380324      86.7057152      611.277889 00031
      -3.38346085     -1.05174978    -0.563442413     -7.53164852 00022
     -0.088742651    -0.121649996    0.0174456903     -0.17106869 00013
    -0.0221953512    0.0121856699  -0.00449359813   -0.0458404445 00004
       148.305889     -85.6183545      29.6673085      245.550311 50000
      -1938.80776      1117.29081     -389.590361     -3328.50617 41000
       8504.26188     -4826.13176      1705.43338      15346.2202 32000
      -12411.2287      6438.38391      -2391.1906     -24504.1635 23000
      -1549.98574      2394.01136     -613.229226     -414.803332 14000
       4651.57821     -1576.46439      786.180461      11791.3182 05000
      -12.4332174      33.6462479     -6.12492378      -16.166022 40100
       131.708395     -625.601163      122.115295      167.091663 31100
       -461.61064      5340.26945     -1068.46567     -545.824235 22100
         543.9073     -15257.9221      3048.28219      503.929377 13100
       47.1168618      5731.98563     -1101.46905      256.863425 04100
       16.7367945     -90.7638854      18.8837374      27.1011392 30200
      -133.686448      787.240984     -160.525348        -225.969 21200
        328.41461     -2437.13302      481.012602      559.544726 12200
       -379.45533      2627.44358     -511.835499     -503.107149 03200
     -0.658871313      88.2312848     -17.0608833    -0.849503932 20300
       12.9420853     -303.871827      59.4742648      24.7103214 11300
      -50.9705652      214.682136     -46.2188458     -96.7486208 02300
     -0.897886716    -0.307635438    -0.123661942     -1.58594932 10400
      -1.10485607      8.32952796     -1.02012657     -3.24731949 01400
      -1.80612867      9.55929647     -2.11797634     -3.24883756 00500
      -11.4305768      1133.52235     -233.665395     -24.0742011 40010
       147.479724     -12636.3172      2548.29687      297.891836 31010
      -596.478065      30880.5185     -6052.91621     -1198.81238 22010
       322.092693      7664.48057     -1828.33733      837.072492 13010
       321.278967     -1630.47329        21.97203      842.520445 04010
      -243.604305      382.530747     -101.302115     -413.404945 30110
       1515.03913     -1769.65562      511.267292      2823.08366 21110
      -1021.26437      937.033478     -320.858777     -2892.55356 12110
      -1946.00228      6019.63714     -1297.32488      -4168.3317 03110
      -71.2300095     -1122.86395      207.928515     -162.184174 20210
       348.360227      2470.24021     -436.910555      813.750086 11210
       -471.15814      717.954788     -182.105664     -1273.30234 02210
       29.2615382     -8.96096178      6.09875698      60.7534222 10310
      -80.6371222      291.227864     -79.9041015     -133.529764 01310
       51.0361155     -322.022782      70.4358811      89.5637459 00410
      -105.119132     -28.7230556     -4.09277701     -177.441631 40001
       113.776456      407.409974     -67.7615906      338.660069 31001
       817.507513     -891.344396      248.096327      942.705847 22001
       351.544491     -586.020159      147.442501      319.859845 13001
       63.8793576     -239.943722      53.6684405      2.60666216 04001
      -51.3958657       220.20487     -45.5070025      -87.546143 30101
       23.3890103     -284.399177      56.7619519     -14.1547551 21101
       381.866063     -907.065528      197.155401      718.658156 12101
       299.990616     -567.227363      126.507841      553.265418 03101
      -83.4902347      204.935335     -44.2983953      -172.97647 20201
       210.870167     -710.902216      145.463243      462.075549 11201
      -418.283363      362.212732       -83.51311     -754.819342 02201
       12.7312226      211.024468     -37.5308535      22.4669249 10301
      -191.440741      198.919674     -46.7000572     -357.675962 01301
       5.38343619     -70.8025529      15.7239338     -1.74439246 00401
       501.161549       448.73952     -25.1439941      534.059159 30020
      -2417.51617     -4786.51723      654.557787     -2416.18635 21020
      -1940.06498     -316.518453      -173.37225       -3259.203 12020
      -1055.29233      1255.28679      -359.83961     -2036.02272 03020
       344.412705      5995.90848     -1103.64807      702.463396 20120
      -708.660152      -9165.8645      1671.64881     -1309.81497 11120
       282.494347     -2891.91529      560.434171      768.212527 02120
       -124.99815     -784.583975      135.996069     -371.256721 10220
       385.152856      586.919564      8.76510207      716.920869 01220
      -459.279146      3288.92166     -712.071444     -795.716325 00320
       219.391949     -1231.65227      254.695507      406.390845 30011
       377.263924     -223.820845      50.9492833      731.423062 21011
       161.378168     -79.4772217      17.6566314      317.993294 12011
       58.7798642     -22.9636009      5.35081479      114.976386 03011
       606.049195     -231.586174      68.8973334      1109.48381 20111
      -11.5681264     -316.368996      57.3706073      13.3803969 11111
      -56.2532448      -107.69142      17.4334011     -91.6463765 02111
       366.820188     -2209.05503      410.856216      747.518833 10211
       53.3215683     -408.656855      79.0042787      106.117981 01211
      -21.2575487      229.208073     -59.2341046      43.5657256 00311
       416.992239      1002.45802     -174.260192      842.669196 30002
       87.4640332      129.234411      -18.676783      175.396636 21002
        20.047925      9.62144478     0.153753684      39.7967768 12002
       5.20759109      -2.2846824      1.12081078      10.2401991 03002
      -92.1452752       147.19995     -34.9489802      -209.98446 20102
       -19.162501      68.2054885     -15.6214918     -42.0167996 11102
      -4.99397129      24.2929162     -5.54364329     -10.3000247 02102
       126.238168     -260.194571      56.8406241      250.513189 10202
       40.5421352     -86.1834386      19.8616501      79.6198488 01202
      -32.2924025      232.677812     -47.0184779     -72.3522144 00302
      -624.853016     -16824.3731      3169.32914     -1405.46579 20030
      -266.936015     -3011.61868      575.935831     -559.756568 11030
       60.5170512      -85.958606      29.5878827      165.399911 02030
      -68.5176911     -1662.68086      320.189138      65.3680572 10130
       203.174558     -3227.07182       643.77256       422.97128 01130
       1449.33086     -11003.6163      2376.71244      2356.13583 00230
       54.4734384      11.8929744     -2.95440735      126.223581 20021
       -12.830423     -12.6215126      1.26855924     -14.8871853 11021
       -7.6674753     -7.46103733      1.01269066     -12.1177412 02021
      -54.4074974      7.90727901     -6.11137337     -104.691919 10121
      -13.0959504     -19.5626768      3.36862408     -24.3418487 01121
      -62.8384135      101.589813     -23.2354251     -132.240369 00221
      -15.1940894      17.8261451     -4.38153225     -31.8889838 20012
      -3.03654393      5.62324107     -1.37397384     -6.24452544 11012
     -0.754656847      1.91341376    -0.458840282     -1.51318683 02012
        10.753964     -18.1286247      4.01083592      22.0670681 10112
       3.32510022      -4.9932481      1.19370941      6.72253142 01112
      -7.30072438      12.2288562     -2.66366676     -15.8288111 00212
     -0.299715102     0.130036295    -0.050121847    -0.589762428 20003
    -0.0750874823   -0.0445651045   0.00223796459    -0.148896801 11003
    -0.0223658605   -0.0217940104   0.00238139241   -0.0447178081 02003
     0.0302379236      0.30659855   -0.0541397842    0.0762843986 10103
   -0.00176213496    0.0605515214   -0.0110640694 -0.000895155723 01103
      0.116734286     -0.12558434    0.0307618528     0.206955786 00203
       87.8179891      -1078.3483      220.527224      235.848874 10040
       78.8956006     -1216.40147       240.28065      166.121603 01040
       330.015073     -4096.09011       872.64345      484.834644 00140
      -27.9777966      48.9551179     -10.6024908     -55.1595332 10031
      -5.68132217      2.45779104    -0.648412976     -10.9170172 01031
      -19.2517732      34.7367956     -7.39349443     -41.5443952 00131
      0.793657598     -1.73238199     0.361768436      1.68836239 10022
      0.306091867    -0.347898352    0.0858459999     0.630034907 01022
     -0.920068615    -0.620117254    0.0868399856     -2.04039041 00122
     0.0156673297    0.0348785392   -0.0051220724    0.0309410392 10013
     0.0013305086    0.0112607228  -0.00193606589   0.00243006869 01013
     0.0124852705  -0.00650776708   0.00190458594    0.0214880258 00113
   0.000426656779  0.000308080959 -2.71856653e-05  0.000914054673 10004
   0.000561646483 -0.000268243759  0.000135849322   0.00114220783 01004
   0.000429084667 -0.000193153084  8.07917019e-05  0.000822108867 00104
       39.3223276     -984.408459      206.934047       42.136871 00050
      -3.88968912      7.43810342     -1.55228533     -8.29364878 00041
     -0.174487669    -0.157939907    0.0237751246    -0.382466409 00032
    0.00118277965   0.00327912945 -0.000578094454   0.00196772055 00023
  -0.000412404106  0.000729441028 -0.000156523934 -0.000846151716 00014
  -4.95457338e-06  1.89546761e-05  -4.1229254e-06 -1.09781559e-05 00005
      -176.811153      122.182445     -38.6770046     -257.035632 60000
       2281.43168     -1568.45311      498.897445      3355.67741 51000
      -8996.78197      6175.37485     -1972.66662     -13353.2617 42000
       7112.67751     -5120.82378      1618.74951      10188.6057 33000
       12226.1927     -7703.84105      2552.80643      20049.6577 24000
       8906.62576     -5287.38868      1802.81971      15453.7291 15000
       4715.69324      -2707.6666      944.714423      8489.92811 06000
       17.0197935     -321.961257      61.9152235       20.729684 50100
      -155.604578      3298.39893     -635.562694     -169.862617 41100
       331.667842     -10684.5456      2073.09879      207.287349 32100
       190.870541      7429.48182      -1470.1452      680.103381 23100
      -505.439435      14027.6883     -2788.80754     -537.937226 14100
      -586.956679      10883.4406     -2175.26351     -827.986623 05100
      -12.4203463      195.460894     -37.1159042      3.87307634 40200
       162.747382     -1877.98805      356.779782       36.022725 31200
      -832.263475      5641.79144     -1089.76925     -749.864916 22200
       1330.16836     -3192.25023      678.871026      1893.75961 13200
       1831.83022     -6765.96426      1394.09024      2656.29612 04200
       17.0033189     -254.734879      50.4940846      36.8917638 30300
      -190.770166      938.216833     -192.240763     -418.708979 21300
       626.970543     -791.317286      185.806369      1371.08048 12300
       -354.37231      1105.27089     -220.778125     -779.615347 03300
      -2.82709348     -27.2555311      5.84698247     -5.53802679 20400
       60.7411451      39.3764293     -6.24378687      117.366108 11400
      -104.147556     -47.6856704      4.54400827     -213.443909 02400
       6.95308183     -19.8332638      4.67569806      14.3423343 10500
      -2.93741281     -57.6907884      11.6559813     -14.3372662 01500
     -0.834245786     -6.76863831      1.24951566     -1.82255576 00600
       10.8053613      1662.13122     -299.302249    0.0565452421 50010
      -31.9443743     -11351.1834      1988.24294      126.125773 41010
     -0.602850182      14244.5947     -2319.96861     -425.755007 32010
       92.1515826      9422.05012     -1573.00833      44.4974856 23010
       13.0831233      3950.04107     -687.169895      36.5395292 14010
      -26.9965996      1433.16476     -265.513382     -21.1784977 05010
       104.976445     -506.302312      104.400622      134.735348 40110
      -439.886605      2814.19319     -554.528987     -516.723601 31110
      -528.805111     -3258.91885      507.849477     -792.393528 22110
      -177.071546     -2006.95429       336.17952      -345.63112 13110
      -25.1764612     -854.710817      155.170062      -111.25417 04110
        37.825033      2985.66968     -575.259499      80.8084454 30210
       130.796057     -5371.30965      1023.13036      291.682609 21210
      -703.844194     -6411.63757      1264.15686     -1478.96493 12210
      -478.595622     -3605.63356      710.451283     -1015.95395 03210
      -27.3017142      965.443549     -202.999158     -29.3146692 20310
      -534.724688     -1662.09965      324.002387      -1102.1504 11310
       1016.66504      1567.33726     -275.039493      2272.82925 02310
      -121.147137      540.290824     -124.056378     -228.072147 10410
      -131.505618      1777.71801     -370.337253     -96.8956227 01410
       14.0177578      198.702686      -37.424032      36.0180605 00510
       385.704404     -543.993121      139.513074      494.297782 50001
      -1523.15195      2916.48459     -695.218194     -1826.02859 41001
      -422.297122      985.041965     -225.619658     -529.360814 32001
      -92.6096979       243.86175     -54.0462794       -136.3963 23001
      -24.9319393      52.9979978     -11.8272931     -46.0035421 14001
      -10.9301879        10.94273     -2.82145234     -21.4834388 05001
       154.687135     -504.760651      106.804626       300.71475 40101
      -282.323723      884.017784     -185.118653     -550.861325 31101
      -107.235715      373.640052     -77.1397762     -173.692022 22101
      -18.3432327      95.6329798     -19.0915006     -16.6996983 13101
       3.30738685      13.9703071     -2.37692692      12.5906338 04101
       14.8813522     -185.412092      41.2805218      19.7346265 30201
       198.403087     -720.613126      142.428353      374.754062 21201
      -28.9874395      -186.27886      33.0250048     -65.2194675 12201
      -64.0417315     -12.1119727      -1.0697722     -122.652235 03201
       16.5426979     -294.683033      52.7287411       44.381417 20301
      -69.0682943      1099.14652     -212.965666     -115.559329 11301
       89.4225752      327.453437     -59.1966627      174.044326 02301
       34.7023984     -33.9744451     0.662318973      105.620141 10401
      -335.058789      991.571248      -193.69154     -702.596071 01401
      -20.3422238     0.495141583    -0.750267898     -47.5775753 00501
       213.800095      -79.493611       31.291817      276.939064 40020
      -987.080786      112.388703     -90.2779886     -1409.45008 31020
      -546.276673      -464.00837       28.208604     -896.363304 22020
      -208.007299     -213.344826      14.4504328      -378.72834 13020
      -75.2879277     -51.2776473     0.427625429      -154.26603 04020
      -371.595158     -6368.36177      1213.70826     -701.173489 30120
      -46.1163453     -4706.08406      877.750353     -268.467381 21120
      -73.5498337     -2381.61453      459.633264     -222.633238 12120
      -40.8400054     -972.994002      192.184656     -105.438356 03120
        361.11575       -4768.875      994.061492      526.385587 20220
       93.6545397      464.910373      -52.484014      172.319235 11220
       128.512481       651.39467     -114.601301      271.166885 02220
       690.150565     -5599.75322      1228.36726      1006.64334 10320
       652.074244      -1926.9039      421.166547      1186.68707 01320
      -21.0818063     -1564.73446      301.714069     -126.678673 00420
      -925.976215      1663.05739     -353.780609      -1814.5179 40011
      -145.827468      565.660654      -115.09422     -289.811465 31011
      -25.8890069       175.28802     -35.2054103     -48.4158891 22011
      -4.39517995      52.4067424     -10.4603823       -6.916117 13011
     -0.486035293      15.8863362     -3.14745423    -0.331328678 04011
       414.588374      -719.44111      158.235102      713.412748 30111
       47.4090815     -181.920901      36.6625373      79.8818404 21111
       -5.1983031     -40.2982645      7.33537918     -11.1324665 12111
      -7.13871795     -7.76987745      1.09353301     -13.3417952 03111
       144.399164     -700.416966      135.532822      306.245654 20211
       47.0045989     -12.1229939      3.62881874      91.8235385 11211
       18.5069937      24.5546119     -4.05420955      34.7095402 02211
      -175.193159      503.508136     -101.067577      -331.37321 10311
      -59.7655645      122.510473     -25.8843056     -117.460427 01311
       216.772659     -696.893667      144.292408       400.56533 00411
       123.979752      260.852269     -42.9697017      248.716973 40002
       20.4836081      26.0959544     -3.18257922       40.576602 31002
       3.64420163    0.0141982596     0.499751406      7.05339033 22002
      0.752998924     -1.21863563     0.385214701      1.41480271 13002
      0.188394834     -0.57396543       0.1591786     0.344395644 04002
      -34.1938228     -5.94679652     0.562272358     -76.2770932 30102
      -7.05295113      5.25415745     -1.34628242     -15.2797861 21102
      -1.64802291      3.07099269    -0.723754538     -3.45964294 12102
     -0.460912249      1.28395592    -0.298293067    -0.936571037 03102
       37.3720524     -58.9844853      13.7388059      74.9095593 20202
       8.21199161     -21.2955194      4.84114054      16.3105954 11202
        1.9479339     -6.67116228      1.50507047      3.82579075 02202
      -21.9279365      80.0666183     -16.6803965     -44.9023102 10302
      -6.67600706      23.0850735     -5.01819663     -13.5334989 01302
       25.4393215     -124.910307        25.36033       50.152498 00402
      -205.426014     -3797.27196      695.232627     -436.133137 30030
      -16.5323884     -721.788217      131.582313     -89.0733489 21030
       -4.9037881     -245.585784      47.8538114     -30.9391577 12030
       -2.3581016     -72.9581489      15.3502662     -10.7466861 03030
       79.0772325      859.555068     -147.630235      152.252038 20130
       34.3203446       482.01059     -85.5464275      68.1884794 11130
       18.0602214      158.429108     -28.6719301       34.875527 02130
       213.942045     -926.881663      215.084304      292.014236 10230
       170.546426      24.9320065      10.8260374      297.145973 01230
      -411.749367      1713.77248     -383.192288     -755.057359 00330
        67.738764     -154.056123      32.1088489      121.459746 30021
       8.41346376      -34.849227      6.98379201      14.5408436 21021
      0.341808569     -8.11749815      1.55774904     0.423669278 12021
     -0.421190278     -1.89039768     0.335165232    -0.797801534 03021
       17.5922629      -74.775096      14.8397306      36.3776392 20121
       6.24374327     -1.89342894     0.633730398      11.8351839 11121
        1.9417002      3.29878567    -0.539317693      3.57663054 02121
      -17.3584621      42.5036213     -8.48523137     -33.1100341 10221
      -4.80488679      8.48917256     -1.85845775     -9.92693147 01221
       44.7367508     -106.895567         22.7499      88.1081851 00321
      -2.78611285    -0.788912714     0.138825984      -6.0899207 30012
     -0.512837906     0.154052132    -0.050049416      -1.1026908 21012
     -0.101871086     0.144928561   -0.0363151021    -0.216914244 12012
    -0.0246072033    0.0734295163   -0.0173440306   -0.0519547214 03012
       2.42152114     -4.99422536       1.1024554      4.95219228 20112
      0.466241556     -1.52156928     0.336536621     0.944332029 11112
       0.10052434    -0.442018661    0.0979061059     0.201403989 02112
      -1.68678071      6.82142724     -1.37986832     -3.34693476 10212
     -0.509439654      1.73326421      -0.3697862     -1.01908429 01212
       2.12867858     -8.00385678      1.61590392      4.26960616 00312
    -0.0954169392   -0.0253423929  -0.00460170567    -0.178769095 30003
    -0.0231186202    -0.020377525   0.00149955193   -0.0437078936 21003
   -0.00653065988  -0.00627194996  0.000537472712   -0.0124421851 12003
   -0.00271254066  -0.00147042168  3.48681458e-05  -0.00496181614 03003
    -0.0288769799    0.0083045935  -0.00395844068   -0.0461495415 20103
   -0.00795390223   0.00165628501 -0.000936901821   -0.0133865937 11103
   -0.00206705702 -0.000533541484 -5.75533403e-05  -0.00360733173 02103
    0.00598422356   -0.0767167966    0.0147838937    0.0117924367 10203
  -0.000165551683   -0.0178360883   0.00334366658  3.73131741e-05 01203
    -0.0505142845      0.10747287   -0.0253325109    -0.088652703 00303
        34.603114      437.641141     -79.8650822      67.4468298 20040
       11.3506516      133.683177     -24.2823445      22.0637356 11040
       3.18921429      30.4358434     -5.57635776      5.06851426 02040
       33.7798642       82.765333     -11.8400168      43.1758416 10140
       28.4555332      114.207812     -19.3689704      48.4055707 01140
      -111.346799       653.77876     -142.658994     -199.932209 00240
       2.79300477     -8.28123667      1.73720277      5.52080893 20031
      0.797734395     0.378898561   -0.0285566911      1.49539945 11031
      0.179545394     0.736931338    -0.130333916      0.32995048 02031
     -0.373483915   -0.0590778264    0.0374268343    -0.710962441 10131
     -0.103639791   -0.0425727612  -0.00361550665     -0.34730507 01131
       8.06630401     -16.1874887       3.4970049      16.3817712 00231
     0.0891379014    -0.428834143    0.0864972814     0.188321011 20022
     0.0114930243    -0.125708971     0.026504955    0.0242325999 11022
   -0.00181744596   -0.0333189646   0.00685763179  -0.00522155087 02022
    -0.0988651038     0.631860577    -0.121975384    -0.183882769 10122
    -0.0344862117     0.129548198   -0.0269031283   -0.0668920259 01122
      0.158234409    -0.483283713    0.0938801786     0.313386767 00222
   -0.00212376864  -0.00280912939  0.000318563598  -0.00320265887 20013
  -0.000508079838   0.00370175851 -0.000778644409 -0.000815548704 11013
  -0.000228457322   0.00210192858 -0.000425104352 -0.000423552393 02013
  -0.000589213309  -0.00701302513   0.00130267876   -0.0012149495 10113
  -0.000278515148  -0.00230975404  0.000395564957 -0.000526595612 01113
   -0.00487624168   0.00754518186  -0.00188967686  -0.00872861817 00213
  -8.38919009e-05  0.000905064487 -0.000171627468 -0.000182338421 20004
  -5.30431772e-05 -9.47567236e-05  2.80718628e-05 -0.000112827332 11004
  -2.60830906e-05  -6.8961237e-05  1.70078551e-05 -5.59975704e-05 02004
  -0.000106226272  0.000574695998  -0.00010832845 -0.000235572481 10104
  -6.69340124e-05  0.000192400613  -4.3739893e-05 -0.000132702081 01104
  -0.000157152741 -0.000794781419  0.000128394909 -0.000360927481 00204
       3.78914419      64.5055374     -12.3983756      4.88608438 10050
       4.05224137      47.0081185     -8.70041403      6.92723007 01050
      -18.6892213      147.637652      -31.758871     -33.2346042 00150
       0.31409063     -1.11654496     0.225544765     0.621305833 10041
      0.071602667    -0.226991322      0.04385497     0.111919131 01041
        1.6099841     -2.87755977     0.626002658      3.28984515 00141
   0.000456461719     0.063353151   -0.0113593192   0.00391437759 10032
   -0.00128779948    0.0282178053  -0.00537778417  -0.00206481746 01032
     0.0142408296   -0.0290378739   0.00510695064    0.0271837468 00132
   0.000214640125  -0.00245114973  0.000457069623  0.000456269992 10023
   2.01887236e-05 -0.000545806729  9.59167506e-05  3.21034613e-05 01023
   4.61737936e-05 -0.000209816755  1.51232624e-05  0.000234878677 00123
   3.12855357e-06  6.03638245e-05 -1.01108532e-05  6.19514704e-06 10014
   -2.6753321e-06  1.62501048e-05  -3.4096925e-06 -5.28457926e-06 01014
   4.23723591e-06 -6.31373448e-05  1.00127742e-05  6.26601961e-06 00114
  -1.52951648e-06 -1.03273027e-06  2.95630081e-08 -2.86674931e-06 10005
  -5.17138048e-07 -8.39783042e-08 -3.45703271e-08 -9.80646007e-07 01005
  -6.73428341e-07 -1.46144187e-06  2.19530888e-07 -1.16464421e-06 00105
      -1.53057308      27.1532971     -5.70935023     -2.57730428 00060
      0.337437089     -0.56875536     0.124029775     0.686585448 00051
    0.00171983334  -0.00100774095  5.21045575e-05   0.00299867433 00042
   0.000103664523 -0.000215189438  4.21844822e-05  0.000229012198 00033
  -3.94619899e-06  -1.0093623e-06 -5.63904316e-07 -8.49666005e-06 00024
  -1.16584688e-07 -1.71220872e-07  2.52375107e-08 -2.21656096e-07 00015
  -2.58591416e-08  1.64840429e-08 -5.68112408e-09 -5.29409112e-08 00006
 ---------------------------------------------
